TEST:

Min:  [0.11682291] at  3 

Max:  [0.32886157] at  8 

Mean:  0.1956105516802004 

Standard Deviation:  0.06109058959323914 

TRAIN:

Min:  [0.04443679] at  3 

Max:  [0.07666421] at  8 

Mean:  0.05497159066069205 

Standard Deviation:  0.009648747344143687
